function f = asses7_3_fun(x)
    
    f = 87.1608*x(1) + 61.632*x(2) + 98.6593*x(3);

end